"Wavelength (nm)"	WT	Shuf1	FEBS
250.0	-0.158120	-0.205160	-0.322010
249.9	-0.174540	-0.233390	-0.356180
249.8	-0.187890	-0.262250	-0.378350
249.7	-0.171920	-0.297100	-0.344260
249.6	-0.170340	-0.349850	-0.348770
249.5	-0.161510	-0.341080	-0.368980
249.4	-0.168680	-0.338090	-0.380560
249.3	-0.148520	-0.289680	-0.338730
249.2	-0.107880	-0.180210	-0.283280
249.1	-0.107180	-0.134090	-0.281250
249.0	-0.135230	-0.150090	-0.298640
248.9	-0.119530	-0.127650	-0.262050
248.8	-0.111690	-0.089300	-0.255260
248.7	-0.166110	-0.104230	-0.287130
248.6	-0.231050	-0.159630	-0.334150
248.5	-0.290610	-0.234220	-0.395810
248.4	-0.337140	-0.348100	-0.501840
248.3	-0.365530	-0.423620	-0.548020
248.2	-0.409370	-0.483330	-0.584590
248.1	-0.473610	-0.531560	-0.677510
248.0	-0.494360	-0.572890	-0.765530
247.9	-0.452310	-0.578740	-0.744810
247.8	-0.381630	-0.576800	-0.683840
247.7	-0.314250	-0.515570	-0.618630
247.6	-0.263780	-0.434180	-0.515510
247.5	-0.220280	-0.376820	-0.458820
247.4	-0.184310	-0.333360	-0.426330
247.3	-0.145160	-0.284200	-0.344430
247.2	-0.174270	-0.232420	-0.280490
247.1	-0.189720	-0.206870	-0.265300
247.0	-0.268860	-0.195770	-0.296710
246.9	-0.380430	-0.239260	-0.334250
246.8	-0.453960	-0.279100	-0.401310
246.7	-0.494960	-0.306910	-0.411730
246.6	-0.504130	-0.314310	-0.402800
246.5	-0.511390	-0.305850	-0.417350
246.4	-0.458940	-0.307720	-0.398190
246.3	-0.442270	-0.315730	-0.388030
246.2	-0.409320	-0.321220	-0.388850
246.1	-0.402910	-0.336320	-0.406480
246.0	-0.371050	-0.293380	-0.394720
245.9	-0.401680	-0.316250	-0.436230
245.8	-0.393750	-0.324230	-0.448640
245.7	-0.419780	-0.335400	-0.470040
245.6	-0.472600	-0.369280	-0.477140
245.5	-0.492990	-0.358630	-0.501660
245.4	-0.480950	-0.307430	-0.469900
245.3	-0.408800	-0.279670	-0.435140
245.2	-0.357570	-0.295350	-0.443740
245.1	-0.319960	-0.265010	-0.406430
245.0	-0.305200	-0.261920	-0.376960
244.9	-0.292470	-0.297210	-0.383060
244.8	-0.263940	-0.331210	-0.432030
244.7	-0.269300	-0.417180	-0.473350
244.6	-0.314460	-0.512990	-0.511870
244.5	-0.385760	-0.555990	-0.577090
244.4	-0.457620	-0.573290	-0.616830
244.3	-0.533940	-0.622190	-0.685580
244.2	-0.564300	-0.692740	-0.741830
244.1	-0.598240	-0.730820	-0.752390
244.0	-0.653290	-0.733060	-0.703250
243.9	-0.619280	-0.657880	-0.616720
243.8	-0.665720	-0.614640	-0.598860
243.7	-0.707120	-0.636400	-0.603810
243.6	-0.742040	-0.644540	-0.584080
243.5	-0.749150	-0.690420	-0.590160
243.4	-0.790050	-0.722720	-0.596350
243.3	-0.811580	-0.714910	-0.603060
243.2	-0.862000	-0.679140	-0.664220
243.1	-0.920140	-0.709490	-0.742600
243.0	-0.960520	-0.743440	-0.798920
242.9	-0.915930	-0.744120	-0.813130
242.8	-0.937170	-0.784660	-0.886300
242.7	-0.939470	-0.793260	-0.866980
242.6	-0.893700	-0.760420	-0.872580
242.5	-0.884710	-0.709870	-0.910620
242.4	-0.875930	-0.769630	-0.960190
242.3	-0.871050	-0.852340	-1.009990
242.2	-0.881560	-0.867020	-1.019850
242.1	-0.879480	-0.890810	-1.024580
242.0	-0.957770	-0.907900	-1.053720
241.9	-1.051560	-0.990600	-1.145580
241.8	-1.097700	-0.984380	-1.192360
241.7	-1.115640	-0.979880	-1.194830
241.6	-1.166920	-0.941410	-1.170600
241.5	-1.240780	-0.909460	-1.153110
241.4	-1.260770	-0.924990	-1.141180
241.3	-1.259390	-0.944090	-1.140070
241.2	-1.181260	-0.936980	-1.089340
241.1	-1.091890	-0.911690	-1.029810
241.0	-1.053460	-0.947510	-1.040240
240.9	-1.108380	-1.003710	-1.106860
240.8	-1.119610	-1.079830	-1.158360
240.7	-1.067050	-1.072060	-1.194520
240.6	-1.090540	-1.073100	-1.287350
240.5	-1.154900	-1.091390	-1.343600
240.4	-1.244080	-1.149250	-1.406810
240.3	-1.289140	-1.177710	-1.492770
240.2	-1.394650	-1.205490	-1.546790
240.1	-1.455740	-1.244320	-1.567090
240.0	-1.502930	-1.292900	-1.606360
239.9	-1.560130	-1.312720	-1.581520
239.8	-1.572190	-1.303570	-1.510410
239.7	-1.596760	-1.351470	-1.514490
239.6	-1.594890	-1.375790	-1.595690
239.5	-1.641670	-1.387550	-1.588110
239.4	-1.640560	-1.396690	-1.578900
239.3	-1.652180	-1.398710	-1.604640
239.2	-1.629910	-1.382620	-1.586880
239.1	-1.615250	-1.413040	-1.642030
239.0	-1.634720	-1.417200	-1.688590
238.9	-1.615620	-1.393510	-1.666180
238.8	-1.621660	-1.369770	-1.591300
238.7	-1.650430	-1.422460	-1.612820
238.6	-1.632690	-1.423980	-1.616750
238.5	-1.616680	-1.441640	-1.615930
238.4	-1.672660	-1.489260	-1.701830
238.3	-1.756510	-1.544350	-1.792990
238.2	-1.837150	-1.648990	-1.894870
238.1	-1.920310	-1.736330	-2.027500
238.0	-2.025900	-1.842760	-2.165200
237.9	-2.109320	-1.859640	-2.204980
237.8	-2.202880	-1.896310	-2.264500
237.7	-2.336970	-1.978970	-2.337500
237.6	-2.407020	-2.016990	-2.352920
237.5	-2.414690	-2.012000	-2.294350
237.4	-2.475220	-2.018600	-2.266960
237.3	-2.513170	-2.072940	-2.257650
237.2	-2.537060	-2.124820	-2.255460
237.1	-2.570800	-2.162150	-2.301990
237.0	-2.625770	-2.198780	-2.320280
236.9	-2.592000	-2.209900	-2.323960
236.8	-2.548130	-2.215460	-2.331780
236.7	-2.617830	-2.263840	-2.396960
236.6	-2.649150	-2.336980	-2.509620
236.5	-2.664500	-2.343120	-2.575610
236.4	-2.684080	-2.323450	-2.647220
236.3	-2.690420	-2.360040	-2.714990
236.2	-2.664780	-2.377000	-2.716790
236.1	-2.706010	-2.410000	-2.738000
236.0	-2.801920	-2.424470	-2.772040
235.9	-2.856670	-2.457960	-2.847620
235.8	-2.897270	-2.492380	-2.874940
235.7	-2.918630	-2.500380	-2.846520
235.6	-2.950240	-2.535680	-2.880430
235.5	-3.005410	-2.549440	-2.919620
235.4	-3.085110	-2.572580	-3.001050
235.3	-3.159250	-2.602270	-3.094110
235.2	-3.207890	-2.627740	-3.189120
235.1	-3.270580	-2.696150	-3.237450
235.0	-3.311310	-2.709580	-3.211000
234.9	-3.403890	-2.815090	-3.334330
234.8	-3.516320	-2.945630	-3.434240
234.7	-3.611320	-3.094770	-3.500420
234.6	-3.723970	-3.238460	-3.579620
234.5	-3.755630	-3.310760	-3.631570
234.4	-3.741810	-3.357850	-3.612410
234.3	-3.762010	-3.377210	-3.640870
234.2	-3.775020	-3.425410	-3.691370
234.1	-3.756560	-3.429540	-3.649130
234.0	-3.791110	-3.424760	-3.632510
233.9	-3.863660	-3.411170	-3.664120
233.8	-3.835450	-3.393080	-3.662080
233.7	-3.860890	-3.443480	-3.679580
233.6	-3.915150	-3.482760	-3.766710
233.5	-4.055220	-3.608500	-3.850020
233.4	-4.172850	-3.737150	-3.921990
233.3	-4.275540	-3.877480	-4.061550
233.2	-4.408250	-3.993430	-4.194500
233.1	-4.478620	-4.057560	-4.265600
233.0	-4.571010	-4.109080	-4.334440
232.9	-4.658410	-4.119870	-4.407860
232.8	-4.795430	-4.201800	-4.472620
232.7	-4.817090	-4.187750	-4.509650
232.6	-4.824110	-4.172530	-4.538000
232.5	-4.854900	-4.143820	-4.529800
232.4	-4.934070	-4.170000	-4.518650
232.3	-4.910800	-4.199630	-4.525890
232.2	-4.886080	-4.296510	-4.513280
232.1	-4.895910	-4.415650	-4.499540
232.0	-4.953120	-4.511550	-4.534040
231.9	-4.998460	-4.666180	-4.616640
231.8	-5.006880	-4.770500	-4.694890
231.7	-5.071770	-4.814900	-4.794450
231.6	-5.064770	-4.832020	-4.896090
231.5	-5.110370	-4.890200	-4.963400
231.4	-5.162190	-4.924010	-5.020570
231.3	-5.209330	-4.935980	-5.102850
231.2	-5.268950	-4.969520	-5.222640
231.1	-5.310920	-4.956070	-5.232610
231.0	-5.429200	-4.989140	-5.265100
230.9	-5.535510	-5.091880	-5.293480
230.8	-5.569320	-5.182360	-5.310810
230.7	-5.642420	-5.278480	-5.347430
230.6	-5.722770	-5.312130	-5.400960
230.5	-5.826310	-5.364640	-5.501220
230.4	-5.923750	-5.472210	-5.592040
230.3	-5.958670	-5.497510	-5.672620
230.2	-6.029550	-5.510990	-5.784590
230.1	-6.036480	-5.550520	-5.901220
230.0	-6.099640	-5.630710	-6.017530
229.9	-6.199460	-5.677160	-6.156930
229.8	-6.245590	-5.650470	-6.254570
229.7	-6.295150	-5.629190	-6.296470
229.6	-6.343250	-5.651150	-6.366470
229.5	-6.394570	-5.699920	-6.430480
229.4	-6.498460	-5.852810	-6.493910
229.3	-6.609130	-5.959530	-6.497030
229.2	-6.683360	-6.002680	-6.535540
229.1	-6.666020	-6.085090	-6.573370
229.0	-6.662270	-6.160170	-6.572290
228.9	-6.743890	-6.279160	-6.634180
228.8	-6.864750	-6.352860	-6.656880
228.7	-6.985260	-6.433700	-6.636350
228.6	-6.994320	-6.461990	-6.642140
228.5	-7.065580	-6.512830	-6.730300
228.4	-7.155880	-6.535440	-6.826040
228.3	-7.269900	-6.536740	-6.906610
228.2	-7.369430	-6.572490	-7.039990
228.1	-7.448530	-6.619470	-7.128170
228.0	-7.492670	-6.643990	-7.207510
227.9	-7.476670	-6.637990	-7.238520
227.8	-7.580880	-6.668730	-7.324030
227.7	-7.622110	-6.715900	-7.420140
227.6	-7.713760	-6.819290	-7.508990
227.5	-7.899420	-6.954080	-7.572090
227.4	-8.065190	-7.120080	-7.601910
227.3	-8.159990	-7.249850	-7.649020
227.2	-8.211800	-7.358500	-7.695670
227.1	-8.374040	-7.548530	-7.846030
227.0	-8.485470	-7.649440	-7.973430
226.9	-8.556170	-7.711670	-8.026730
226.8	-8.605160	-7.771320	-8.062920
226.7	-8.524720	-7.777940	-8.133270
226.6	-8.513550	-7.763890	-8.130280
226.5	-8.573690	-7.784970	-8.152340
226.4	-8.651640	-7.870260	-8.213110
226.3	-8.714950	-7.871430	-8.245920
226.2	-8.733500	-7.975140	-8.267040
226.1	-8.788810	-8.100850	-8.328780
226.0	-8.874660	-8.157700	-8.358840
225.9	-8.989380	-8.209890	-8.324430
225.8	-9.089730	-8.194810	-8.397150
225.7	-9.145820	-8.287010	-8.532650
225.6	-9.177310	-8.319100	-8.624780
225.5	-9.188160	-8.369390	-8.718060
225.4	-9.245180	-8.372060	-8.817700
225.3	-9.324120	-8.334500	-8.846530
225.2	-9.315300	-8.307510	-8.905010
225.1	-9.286890	-8.275080	-9.003840
225.0	-9.282140	-8.304250	-9.066320
224.9	-9.307710	-8.353430	-9.042460
224.8	-9.321000	-8.278460	-8.931380
224.7	-9.303140	-8.202380	-8.842120
224.6	-9.329740	-8.196050	-8.827240
224.5	-9.337200	-8.218810	-8.893900
224.4	-9.427000	-8.316550	-8.997020
224.3	-9.526240	-8.400660	-9.036310
224.2	-9.620690	-8.506390	-9.069830
224.1	-9.719150	-8.598260	-9.168280
224.0	-9.815900	-8.778660	-9.301440
223.9	-9.988430	-8.926360	-9.404330
223.8	-10.081000	-9.033720	-9.502450
223.7	-10.186400	-9.044650	-9.531700
223.6	-10.226100	-9.015840	-9.437640
223.5	-10.244000	-9.015990	-9.486620
223.4	-10.273700	-9.036040	-9.572900
223.3	-10.176700	-8.960580	-9.498500
223.2	-10.107400	-8.889360	-9.456350
223.1	-10.001800	-8.846060	-9.419030
223.0	-10.024600	-8.878930	-9.433580
222.9	-10.000300	-8.940440	-9.410460
222.8	-10.014000	-8.946000	-9.444100
222.7	-10.022800	-8.951470	-9.436330
222.6	-10.031200	-8.961150	-9.479540
222.5	-10.117800	-9.049020	-9.568780
222.4	-10.205800	-9.068010	-9.687320
222.3	-10.285600	-9.124980	-9.749500
222.2	-10.247300	-9.139570	-9.671890
222.1	-10.214000	-9.064640	-9.547760
222.0	-10.153400	-9.020000	-9.511890
221.9	-10.150800	-9.092930	-9.461360
221.8	-10.226100	-9.186920	-9.393890
221.7	-10.241900	-9.197790	-9.342000
221.6	-10.220200	-9.211590	-9.302890
221.5	-10.247700	-9.241710	-9.295760
221.4	-10.261900	-9.248660	-9.396200
221.3	-10.361600	-9.303330	-9.561920
221.2	-10.478100	-9.445180	-9.751080
221.1	-10.535300	-9.488900	-9.924780
221.0	-10.516600	-9.425280	-10.006700
220.9	-10.487300	-9.358120	-10.019700
220.8	-10.385600	-9.328010	-10.042400
220.7	-10.356600	-9.339000	-10.096100
220.6	-10.308400	-9.210250	-10.072000
220.5	-10.303000	-9.179650	-10.114800
220.4	-10.231400	-9.130240	-10.097600
220.3	-10.088600	-9.028690	-9.988870
220.2	-10.043300	-9.050540	-9.967720
220.1	-10.056100	-9.119420	-10.058700
220.0	-10.101500	-9.111510	-10.029800
219.9	-10.166800	-9.074530	-10.029600
219.8	-10.177900	-9.065360	-10.022300
219.7	-10.237700	-9.115180	-10.019900
219.6	-10.291300	-9.123450	-9.996650
219.5	-10.369800	-9.153190	-10.058600
219.4	-10.414600	-9.206250	-10.022000
219.3	-10.363900	-9.198070	-9.913130
219.2	-10.346200	-9.250190	-9.866470
219.1	-10.324800	-9.357000	-9.866470
219.0	-10.310400	-9.418170	-9.899920
218.9	-10.389400	-9.497090	-9.882400
218.8	-10.409300	-9.557000	-9.890610
218.7	-10.468500	-9.598650	-9.886840
218.6	-10.524700	-9.708110	-9.962620
218.5	-10.698000	-9.776310	-10.099900
218.4	-10.770700	-9.787460	-10.176800
218.3	-10.915300	-9.787340	-10.230000
218.2	-11.091200	-9.800990	-10.247200
218.1	-11.034500	-9.733190	-10.315200
218.0	-10.946100	-9.684390	-10.346700
217.9	-10.903300	-9.653610	-10.347200
217.8	-10.913000	-9.564010	-10.315600
217.7	-10.871300	-9.462960	-10.277000
217.6	-10.797200	-9.453150	-10.262900
217.5	-10.824200	-9.449180	-10.304400
217.4	-10.757000	-9.450080	-10.257200
217.3	-10.733700	-9.431460	-10.100300
217.2	-10.802700	-9.475580	-10.058400
217.1	-10.753300	-9.478940	-10.046300
217.0	-10.684800	-9.531070	-10.047700
216.9	-10.694700	-9.627390	-10.002300
216.8	-10.754000	-9.618930	-9.956180
216.7	-10.687500	-9.545570	-9.883500
216.6	-10.544600	-9.434970	-9.799160
216.5	-10.474900	-9.406440	-9.862390
216.4	-10.405300	-9.325270	-9.917400
216.3	-10.429500	-9.314650	-9.899660
216.2	-10.473300	-9.299410	-9.820300
216.1	-10.319800	-9.218770	-9.718310
216.0	-10.134400	-9.142500	-9.721760
215.9	-10.059300	-9.127070	-9.804200
215.8	-10.041500	-9.114040	-9.892690
215.7	-10.053800	-9.102370	-9.869590
215.6	-10.040100	-9.098580	-9.821740
215.5	-9.953940	-9.155310	-9.799740
215.4	-9.793440	-9.128340	-9.834770
215.3	-9.890800	-9.207760	-9.940310
215.2	-9.992220	-9.114780	-9.992600
215.1	-10.003000	-9.044680	-9.962320
215.0	-10.006800	-9.025400	-9.842130
214.9	-9.879220	-8.865450	-9.667490
214.8	-9.800080	-8.829530	-9.545960
214.7	-9.818150	-8.821560	-9.433440
214.6	-9.954980	-8.873530	-9.426750
214.5	-9.971450	-8.797260	-9.361230
214.4	-10.020800	-8.860090	-9.341700
214.3	-9.999820	-8.902020	-9.301790
214.2	-9.977230	-8.959370	-9.284270
214.1	-10.098400	-9.086090	-9.377610
214.0	-10.167500	-9.136730	-9.480250
213.9	-10.213500	-9.142270	-9.603140
213.8	-10.155400	-9.010570	-9.604440
213.7	-10.177200	-8.910790	-9.554700
213.6	-10.059800	-8.836760	-9.560300
213.5	-9.946700	-8.815290	-9.516500
213.4	-9.911890	-8.646940	-9.477370
213.3	-9.947860	-8.534540	-9.529840
213.2	-9.943660	-8.419970	-9.530030
213.1	-9.919030	-8.449010	-9.519640
213.0	-9.962040	-8.536830	-9.588910
212.9	-9.864840	-8.546370	-9.658860
212.8	-9.827060	-8.602090	-9.654690
212.7	-9.909690	-8.531650	-9.559800
212.6	-9.985540	-8.661400	-9.498710
212.5	-9.948490	-8.843800	-9.474230
212.4	-9.923580	-9.103070	-9.398830
212.3	-9.909410	-9.209110	-9.364370
212.2	-9.870910	-9.272200	-9.390440
212.1	-9.903310	-9.320120	-9.416860
212.0	-9.942870	-9.265890	-9.401840
211.9	-9.926770	-9.182110	-9.390130
211.8	-9.970140	-9.099210	-9.448870
211.7	-10.119300	-9.012760	-9.496030
211.6	-9.992720	-8.800680	-9.470620
211.5	-9.944230	-8.685190	-9.568230
211.4	-9.838700	-8.551420	-9.566940
211.3	-9.694830	-8.460010	-9.509440
211.2	-9.711900	-8.579280	-9.530900
211.1	-9.617350	-8.720990	-9.490480
211.0	-9.375240	-8.855860	-9.463810
210.9	-9.092000	-8.879590	-9.345140
210.8	-9.077820	-9.023310	-9.514680
210.7	-9.130700	-9.166660	-9.574000
210.6	-9.145200	-9.152310	-9.488500
210.5	-9.150740	-9.073070	-9.473070
210.4	-9.070180	-8.946720	-9.499480
210.3	-9.105210	-8.809680	-9.492720
210.2	-9.146030	-8.920060	-9.490310
210.1	-9.181230	-8.897350	-9.469040
210.0	-9.163420	-8.876820	-9.405820
209.9	-9.160040	-8.727570	-9.318100
209.8	-9.122000	-8.529190	-9.309510
209.7	-9.053970	-8.430430	-9.256850
209.6	-8.953890	-8.550100	-9.036630
209.5	-8.867380	-8.611660	-8.920060
209.4	-8.814980	-8.419440	-8.908540
209.3	-8.785820	-8.267430	-8.869920
209.2	-8.674680	-8.191100	-8.650000
209.1	-8.588740	-8.092070	-8.488210
209.0	-8.710120	-8.158340	-8.402930
208.9	-8.665590	-8.211460	-8.365590
208.8	-8.734820	-8.232320	-8.406730
208.7	-8.629510	-8.058280	-8.438440
208.6	-8.554390	-7.960300	-8.334560
208.5	-8.446890	-7.951280	-8.192840
208.4	-8.398030	-7.861920	-8.228760
208.3	-8.440030	-7.863720	-8.356990
208.2	-8.038650	-7.723060	-8.287780
208.1	-7.890670	-7.579550	-8.155240
208.0	-7.771800	-7.349320	-8.067940
207.9	-7.614870	-7.121680	-7.805860
207.8	-7.468130	-6.945380	-7.521420
207.7	-7.225100	-6.787780	-7.438880
207.6	-6.950770	-6.507910	-7.267870
207.5	-6.621350	-6.253890	-6.919930
207.4	-6.478310	-6.124240	-6.621630
207.3	-6.364660	-6.064050	-6.489320
207.2	-6.078260	-5.896270	-6.162240
207.1	-6.036800	-5.922300	-6.026670
207.0	-5.953590	-5.919340	-6.046700
206.9	-5.933160	-5.824080	-6.047170
206.8	-5.912550	-5.734580	-5.892510
206.7	-5.842160	-5.460630	-5.741290
206.6	-5.721080	-5.155290	-5.637730
206.5	-5.643790	-4.871220	-5.457030
206.4	-5.571120	-4.684940	-5.322610
206.3	-5.161710	-4.370330	-5.191760
206.2	-4.894400	-4.087540	-4.943750
206.1	-4.582770	-3.846470	-4.485660
206.0	-4.391770	-3.660450	-4.109420
205.9	-4.232770	-3.675200	-3.856520
205.8	-4.040370	-3.850060	-3.643030
205.7	-3.652230	-3.780810	-3.409820
205.6	-3.368300	-3.659240	-3.246040
205.5	-3.265110	-3.665570	-3.109210
205.4	-3.042610	-3.662750	-2.936650
205.3	-2.699480	-3.505100	-2.959950
205.2	-2.407350	-3.365710	-2.908130
205.1	-2.099870	-3.181920	-2.909940
205.0	-1.637100	-2.917330	-2.663690
204.9	-1.183130	-2.568580	-2.292140
204.8	-0.621200	-2.285620	-1.826470
204.7	-0.302990	-1.849520	-1.615600
204.6	0.050651	-1.303210	-1.327210
204.5	0.380688	-0.938170	-0.852660
204.4	0.867833	-0.661020	-0.441920
204.3	1.270473	-0.423500	-0.140430
204.2	1.594811	-0.013820	0.176729
204.1	1.654355	0.234155	0.247918
204.0	1.829510	0.281627	0.173996
203.9	2.221311	0.279809	0.491033
203.8	2.384308	0.319817	0.804927
203.7	2.481899	0.244692	0.939315
203.6	2.440205	0.461403	0.903426
203.5	2.501553	0.624504	1.050461
203.4	2.395675	0.635841	1.389660
203.3	2.517971	0.649643	1.764696
203.2	2.638969	0.882242	2.324761
203.1	2.693500	1.251970	2.866815
203.0	3.034646	1.527482	3.316447
202.9	3.356001	1.989010	3.706386
202.8	3.756923	2.503172	4.147141
202.7	4.071479	2.768485	4.743294
202.6	4.445013	3.143231	5.046260
202.5	4.825640	3.568975	5.099349
202.4	5.115912	3.753108	5.151711
202.3	5.395745	3.983410	5.069107
202.2	5.684669	4.179980	5.166358
202.1	5.957121	4.258117	5.380446
202.0	6.161337	4.266157	5.548053
201.9	6.277687	4.192728	5.512020
201.8	6.430776	4.336694	5.573905
201.7	6.646589	4.436868	5.741618
201.6	6.854976	4.555096	5.992465
201.5	7.034703	4.830758	6.122684
201.4	7.246822	4.921325	6.340049
201.3	7.486317	5.123645	6.476684
201.2	7.589304	5.461922	6.705483
201.1	7.842717	5.730323	7.260516
201.0	8.137909	6.071776	7.827668
200.9	8.205358	6.445075	8.184631
200.8	8.221732	6.837860	8.299248
200.7	8.314267	7.146231	8.433449
200.6	8.506931	7.429713	8.397431
200.5	8.429248	7.533694	8.266289
200.4	8.378347	7.476389	8.260596
200.3	8.415728	7.440977	8.310800
200.2	8.428995	7.432405	8.344363
200.1	8.709713	7.390807	8.355740
200.0	9.175084	7.297754	8.660097
199.9	9.588615	7.449432	9.235929
199.8	9.790635	7.759081	9.881853
199.7	9.872642	8.190588	10.707760
199.6	10.306180	8.606110	11.387560
199.5	10.890680	9.103932	11.776290
199.4	11.410380	9.659138	11.738010
199.3	11.839780	9.882559	11.974230
199.2	12.182010	10.123960	12.412220
199.1	12.561740	10.436240	12.557120
199.0	12.942210	10.665990	12.665530
198.9	13.369370	10.628580	12.289810
198.8	13.379490	10.645740	11.949070
198.7	13.084930	10.785020	11.868810
198.6	12.963070	10.645590	11.986620
198.5	12.769750	10.631370	12.184810
198.4	12.601970	11.064350	12.096670
198.3	12.670600	11.272950	11.710650
198.2	12.804210	11.124200	11.429720
198.1	13.007240	11.272580	11.595970
198.0	13.413000	11.716870	11.957210
197.9	13.967790	11.902620	12.278400
197.8	14.204310	11.857760	12.459580
197.7	14.494470	12.137020	12.836490
197.6	14.146040	12.341880	13.356490
197.5	13.982580	12.340570	14.562060
197.4	13.618100	12.198810	15.305460
197.3	13.130640	12.225880	15.829420
197.2	12.701370	11.859890	16.166610
197.1	12.382860	11.947440	16.286940
197.0	12.592460	12.275130	16.334990
196.9	12.880990	12.073420	16.057970
196.8	13.747130	12.046450	15.587240
196.7	14.794240	12.330210	14.948590
196.6	15.344940	12.775150	14.475230
196.5	16.153130	12.866840	14.453440
196.4	16.948810	13.564640	14.392110
196.3	17.354290	13.806680	14.425610
196.2	17.463180	14.087190	15.027990
196.1	17.588710	14.540880	15.424450
196.0	17.494160	14.829740	15.571910
195.9	17.222450	15.017460	15.640850
195.8	16.537380	15.094380	16.098240
195.7	16.525530	15.265350	16.079050
195.6	16.126470	15.185060	15.731320
195.5	16.437160	15.008630	15.628760
195.4	17.046880	14.891020	15.168690
195.3	16.992360	15.114620	14.521050
195.2	16.624280	15.414820	14.469480
195.1	16.923080	15.175620	14.890460
195.0	16.835370	14.577160	14.494350
194.9	16.442220	14.313530	13.869630
194.8	16.246010	14.149650	14.128230
194.7	15.754520	14.258540	14.191090
194.6	15.205440	14.327320	14.174330
194.5	15.105670	14.323840	14.704840
194.4	15.575230	14.316490	14.822920
194.3	15.053600	14.466920	14.417570
194.2	15.112740	15.174360	14.245140
194.1	16.131530	15.396340	14.539180
194.0	16.696510	15.149130	15.021950
193.9	17.203500	14.773150	15.093820
193.8	17.368940	14.793400	14.988630
193.7	16.940120	14.570030	14.521130
193.6	16.516770	14.217380	13.868410
193.5	16.529970	14.145260	14.578340
193.4	16.419800	13.734110	14.743500
193.3	16.220860	13.147060	14.938270
193.2	15.383280	13.102670	14.686770
193.1	14.922030	13.487360	15.222410
193.0	14.463940	13.379920	15.401560
192.9	14.302490	13.268280	15.062070
192.8	13.401690	13.190860	14.994110
192.7	13.054140	12.631510	14.581080
192.6	12.650170	12.679920	14.107620
192.5	11.969410	12.995530	14.278870
192.4	11.786860	13.214250	14.107360
192.3	11.858170	12.897080	13.535380
192.2	11.591440	12.909680	12.461760
192.1	11.256740	13.093830	12.645610
192.0	11.141930	13.438980	13.371380
191.9	11.676200	13.584670	13.443490
191.8	12.112850	14.120790	13.381580
191.7	12.650050	15.043980	13.188350
191.6	12.216440	15.207200	12.758990
191.5	12.025750	15.458360	12.369730
191.4	12.114040	15.528260	12.335080
191.3	12.406320	15.588600	12.139250
191.2	12.266770	15.590760	11.658600
191.1	12.358070	15.916430	11.362390
191.0	12.096490	16.159310	11.705420
190.9	11.513330	15.541470	11.251710
190.8	11.227670	15.276930	11.405560
190.7	10.820010	15.389640	11.754380
190.6	10.132000	15.833420	12.030250
190.5	10.135670	16.537620	11.846870
190.4	10.036830	16.204180	12.030920
190.3	9.167240	14.912190	12.186690
190.2	8.404714	14.587070	11.819030
190.1	7.800507	13.593990	11.959620
190.0	8.030309	12.892040	11.591360