"Wavelength (nm)"	WT-ssrA	WT
250.0	-0.169680	-0.206490
249.9	-0.153140	-0.176990
249.8	-0.147970	-0.154340
249.7	-0.189240	-0.135360
249.6	-0.234930	-0.145540
249.5	-0.237030	-0.150290
249.4	-0.246190	-0.134030
249.3	-0.228960	-0.113720
249.2	-0.217120	-0.119300
249.1	-0.283380	-0.121260
249.0	-0.313590	-0.112990
248.9	-0.287600	-0.109850
248.8	-0.258600	-0.092170
248.7	-0.302420	-0.079640
248.6	-0.365220	-0.106640
248.5	-0.371180	-0.128620
248.4	-0.408090	-0.153980
248.3	-0.397560	-0.158550
248.2	-0.373940	-0.164300
248.1	-0.428210	-0.185780
248.0	-0.484960	-0.225160
247.9	-0.514960	-0.253610
247.8	-0.511660	-0.278650
247.7	-0.531720	-0.270830
247.6	-0.527750	-0.258890
247.5	-0.512450	-0.244620
247.4	-0.509560	-0.253990
247.3	-0.464460	-0.265500
247.2	-0.444260	-0.265940
247.1	-0.404070	-0.272870
247.0	-0.385090	-0.280350
246.9	-0.353580	-0.284700
246.8	-0.346330	-0.304790
246.7	-0.365680	-0.318220
246.6	-0.343120	-0.319140
246.5	-0.378860	-0.353250
246.4	-0.398210	-0.367060
246.3	-0.402370	-0.390670
246.2	-0.415950	-0.410100
246.1	-0.435030	-0.377470
246.0	-0.473120	-0.385130
245.9	-0.462510	-0.411330
245.8	-0.480820	-0.450630
245.7	-0.534930	-0.460000
245.6	-0.553870	-0.458030
245.5	-0.561500	-0.440260
245.4	-0.581870	-0.429970
245.3	-0.600900	-0.471870
245.2	-0.625000	-0.500160
245.1	-0.668300	-0.493220
245.0	-0.719290	-0.490200
244.9	-0.714350	-0.494350
244.8	-0.747240	-0.499360
244.7	-0.830340	-0.515920
244.6	-0.849740	-0.560280
244.5	-0.854350	-0.580620
244.4	-0.877750	-0.595890
244.3	-0.887520	-0.642550
244.2	-0.904220	-0.666940
244.1	-0.986660	-0.681750
244.0	-1.000760	-0.698340
243.9	-0.960930	-0.703110
243.8	-0.940090	-0.685140
243.7	-0.976510	-0.672740
243.6	-0.975630	-0.672530
243.5	-0.981490	-0.672360
243.4	-1.010170	-0.701620
243.3	-1.003110	-0.719040
243.2	-1.004240	-0.734220
243.1	-1.015340	-0.750820
243.0	-1.039270	-0.767840
242.9	-1.093360	-0.779850
242.8	-1.163170	-0.802720
242.7	-1.205000	-0.817390
242.6	-1.269580	-0.826260
242.5	-1.311830	-0.857270
242.4	-1.355950	-0.866140
242.3	-1.381290	-0.878920
242.2	-1.400290	-0.913290
242.1	-1.435600	-0.957230
242.0	-1.410690	-0.968040
241.9	-1.443880	-0.982770
241.8	-1.451760	-1.022760
241.7	-1.452270	-1.050520
241.6	-1.445660	-1.088580
241.5	-1.452300	-1.143990
241.4	-1.488450	-1.207570
241.3	-1.496790	-1.246590
241.2	-1.471220	-1.302180
241.1	-1.457500	-1.369810
241.0	-1.444150	-1.379870
240.9	-1.453730	-1.396820
240.8	-1.454000	-1.432900
240.7	-1.488480	-1.444470
240.6	-1.497610	-1.437840
240.5	-1.530680	-1.449760
240.4	-1.595920	-1.461420
240.3	-1.688650	-1.478620
240.2	-1.755260	-1.530700
240.1	-1.803440	-1.566210
240.0	-1.848260	-1.599220
239.9	-1.899470	-1.644970
239.8	-1.941630	-1.688980
239.7	-1.982180	-1.745440
239.6	-2.028670	-1.801630
239.5	-2.068700	-1.852120
239.4	-2.130250	-1.890880
239.3	-2.147060	-1.922160
239.2	-2.199560	-1.972760
239.1	-2.258550	-2.003370
239.0	-2.319680	-2.028930
238.9	-2.368480	-2.070880
238.8	-2.397070	-2.117040
238.7	-2.426670	-2.142660
238.6	-2.462340	-2.166240
238.5	-2.515220	-2.208470
238.4	-2.574090	-2.268300
238.3	-2.595350	-2.301460
238.2	-2.616830	-2.338220
238.1	-2.664930	-2.363180
238.0	-2.722800	-2.371650
237.9	-2.794430	-2.385400
237.8	-2.856960	-2.408550
237.7	-2.869580	-2.435410
237.6	-2.886530	-2.449330
237.5	-2.933540	-2.485650
237.4	-2.989220	-2.547500
237.3	-3.039760	-2.618870
237.2	-3.059870	-2.685990
237.1	-3.105780	-2.729000
237.0	-3.122540	-2.763720
236.9	-3.160170	-2.811020
236.8	-3.220010	-2.857650
236.7	-3.289180	-2.902090
236.6	-3.368440	-2.941200
236.5	-3.446430	-2.966540
236.4	-3.489990	-2.983620
236.3	-3.547870	-3.016370
236.2	-3.584850	-3.100590
236.1	-3.680390	-3.179020
236.0	-3.747330	-3.228340
235.9	-3.805140	-3.264200
235.8	-3.840430	-3.288190
235.7	-3.875460	-3.330690
235.6	-3.936060	-3.402180
235.5	-4.015130	-3.471380
235.4	-4.116710	-3.507270
235.3	-4.151230	-3.526380
235.2	-4.152090	-3.545590
235.1	-4.158310	-3.610560
235.0	-4.167820	-3.692510
234.9	-4.211660	-3.780100
234.8	-4.265180	-3.797010
234.7	-4.349270	-3.838660
234.6	-4.381220	-3.884450
234.5	-4.425600	-3.935370
234.4	-4.530940	-4.007010
234.3	-4.635680	-4.049870
234.2	-4.768290	-4.078410
234.1	-4.876210	-4.097840
234.0	-4.956570	-4.135660
233.9	-5.019920	-4.186380
233.8	-5.047360	-4.263020
233.7	-5.104820	-4.297540
233.6	-5.138780	-4.340880
233.5	-5.162340	-4.379920
233.4	-5.195150	-4.426790
233.3	-5.225760	-4.472560
233.2	-5.216850	-4.519270
233.1	-5.235950	-4.569570
233.0	-5.279080	-4.609790
232.9	-5.332630	-4.655830
232.8	-5.407390	-4.713880
232.7	-5.508220	-4.772250
232.6	-5.570100	-4.810350
232.5	-5.608370	-4.815940
232.4	-5.701420	-4.841390
232.3	-5.741940	-4.888680
232.2	-5.779350	-4.945270
232.1	-5.850880	-4.971170
232.0	-5.930080	-5.007920
231.9	-5.973270	-5.049190
231.8	-6.042260	-5.134690
231.7	-6.128790	-5.244130
231.6	-6.177180	-5.329690
231.5	-6.297960	-5.398670
231.4	-6.370850	-5.429920
231.3	-6.393880	-5.493570
231.2	-6.384870	-5.546120
231.1	-6.432330	-5.612660
231.0	-6.477900	-5.668610
230.9	-6.523020	-5.711010
230.8	-6.554340	-5.766110
230.7	-6.557620	-5.824540
230.6	-6.562670	-5.891900
230.5	-6.605010	-5.978460
230.4	-6.707260	-6.062380
230.3	-6.815870	-6.114360
230.2	-6.909930	-6.159160
230.1	-6.998590	-6.213570
230.0	-7.109190	-6.296030
229.9	-7.203320	-6.405640
229.8	-7.294600	-6.515220
229.7	-7.385870	-6.611210
229.6	-7.436940	-6.676030
229.5	-7.469260	-6.744550
229.4	-7.509940	-6.832710
229.3	-7.519110	-6.909680
229.2	-7.577830	-6.993830
229.1	-7.619200	-7.045180
229.0	-7.714340	-7.064980
228.9	-7.833960	-7.062280
228.8	-7.967310	-7.128370
228.7	-8.068800	-7.216450
228.6	-8.147450	-7.319320
228.5	-8.266470	-7.435390
228.4	-8.367280	-7.516300
228.3	-8.433240	-7.560290
228.2	-8.493760	-7.628180
228.1	-8.530380	-7.734870
228.0	-8.595500	-7.813790
227.9	-8.658680	-7.905090
227.8	-8.738910	-7.968770
227.7	-8.773500	-8.027030
227.6	-8.788420	-8.089070
227.5	-8.850350	-8.157210
227.4	-8.959350	-8.236190
227.3	-9.068530	-8.313400
227.2	-9.184670	-8.376250
227.1	-9.260220	-8.407270
227.0	-9.378380	-8.487370
226.9	-9.506710	-8.571580
226.8	-9.590200	-8.630320
226.7	-9.646310	-8.694300
226.6	-9.736540	-8.782720
226.5	-9.791020	-8.870360
226.4	-9.842800	-8.931870
226.3	-9.911860	-9.024210
226.2	-9.932510	-9.106230
226.1	-9.956060	-9.120630
226.0	-10.050200	-9.150170
225.9	-10.200100	-9.191710
225.8	-10.314300	-9.231170
225.7	-10.405100	-9.275590
225.6	-10.484800	-9.336170
225.5	-10.520000	-9.410040
225.4	-10.585800	-9.481880
225.3	-10.624800	-9.553960
225.2	-10.666100	-9.629270
225.1	-10.681400	-9.733880
225.0	-10.706900	-9.830850
224.9	-10.774200	-9.877390
224.8	-10.889500	-9.945920
224.7	-10.959400	-9.985400
224.6	-11.067000	-10.016500
224.5	-11.167600	-10.024100
224.4	-11.236400	-10.042000
224.3	-11.279900	-10.066700
224.2	-11.324700	-10.099100
224.1	-11.321600	-10.130300
224.0	-11.313400	-10.131100
223.9	-11.355200	-10.146400
223.8	-11.397300	-10.171600
223.7	-11.423300	-10.172900
223.6	-11.414700	-10.197500
223.5	-11.378900	-10.214700
223.4	-11.403600	-10.206000
223.3	-11.471200	-10.225500
223.2	-11.493000	-10.264600
223.1	-11.512400	-10.321000
223.0	-11.492400	-10.315800
222.9	-11.495100	-10.316300
222.8	-11.516600	-10.312200
222.7	-11.637600	-10.329200
222.6	-11.729800	-10.370800
222.5	-11.739800	-10.379200
222.4	-11.724600	-10.424100
222.3	-11.662300	-10.412100
222.2	-11.648000	-10.403800
222.1	-11.617700	-10.447500
222.0	-11.606500	-10.488000
221.9	-11.556600	-10.516100
221.8	-11.524400	-10.503900
221.7	-11.496000	-10.455800
221.6	-11.466400	-10.383900
221.5	-11.416800	-10.327500
221.4	-11.414600	-10.366900
221.3	-11.436200	-10.381000
221.2	-11.461500	-10.428000
221.1	-11.535900	-10.453700
221.0	-11.637300	-10.531800
220.9	-11.624100	-10.611300
220.8	-11.649800	-10.692500
220.7	-11.708500	-10.779300
220.6	-11.741000	-10.786400
220.5	-11.717100	-10.775900
220.4	-11.714100	-10.736000
220.3	-11.657600	-10.706900
220.2	-11.460800	-10.648000
220.1	-11.377200	-10.567600
220.0	-11.355000	-10.482600
219.9	-11.299100	-10.439800
219.8	-11.291900	-10.433200
219.7	-11.309700	-10.406700
219.6	-11.303500	-10.420800
219.5	-11.325500	-10.464100
219.4	-11.429500	-10.508300
219.3	-11.534800	-10.524900
219.2	-11.574300	-10.598600
219.1	-11.594500	-10.664000
219.0	-11.617600	-10.714600
218.9	-11.629300	-10.789200
218.8	-11.607000	-10.797500
218.7	-11.589800	-10.812300
218.6	-11.651200	-10.838300
218.5	-11.648600	-10.929600
218.4	-11.643200	-10.972900
218.3	-11.768800	-10.930100
218.2	-11.890800	-10.887700
218.1	-11.987400	-10.807000
218.0	-12.034700	-10.773200
217.9	-12.106900	-10.761700
217.8	-12.107500	-10.738700
217.7	-12.127000	-10.683300
217.6	-12.167800	-10.633300
217.5	-12.152400	-10.647400
217.4	-12.075300	-10.702900
217.3	-11.995900	-10.757500
217.2	-12.026900	-10.813900
217.1	-12.011500	-10.847400
217.0	-12.004500	-10.842200
216.9	-12.012500	-10.836600
216.8	-11.949200	-10.851700
216.7	-11.857300	-10.846700
216.6	-11.804900	-10.794200
216.5	-11.807400	-10.763000
216.4	-11.719500	-10.724000
216.3	-11.612000	-10.685600
216.2	-11.531200	-10.663400
216.1	-11.494700	-10.701000
216.0	-11.422400	-10.687000
215.9	-11.388900	-10.695200
215.8	-11.370400	-10.688200
215.7	-11.418100	-10.669000
215.6	-11.370300	-10.700300
215.5	-11.446800	-10.741500
215.4	-11.503400	-10.750200
215.3	-11.481200	-10.721500
215.2	-11.514100	-10.713200
215.1	-11.571000	-10.758400
215.0	-11.582400	-10.763000
214.9	-11.485800	-10.786600
214.8	-11.444000	-10.787700
214.7	-11.420000	-10.750400
214.6	-11.376100	-10.705700
214.5	-11.293300	-10.618500
214.4	-11.176500	-10.527800
214.3	-11.111900	-10.420000
214.2	-11.095900	-10.337300
214.1	-11.168800	-10.277600
214.0	-11.284500	-10.255600
213.9	-11.309700	-10.207300
213.8	-11.221600	-10.172700
213.7	-11.181400	-10.215400
213.6	-11.243200	-10.250400
213.5	-11.262400	-10.190200
213.4	-11.229200	-10.147200
213.3	-11.061500	-10.158800
213.2	-10.905300	-10.144600
213.1	-10.767300	-10.097000
213.0	-10.734100	-10.036500
212.9	-10.744500	-10.052400
212.8	-10.761500	-10.018200
212.7	-10.730000	-9.993810
212.6	-10.659300	-10.043500
212.5	-10.702900	-10.030200
212.4	-10.786000	-9.963350
212.3	-10.821200	-9.973780
212.2	-10.887700	-9.958750
212.1	-10.803600	-9.879910
212.0	-10.682900	-9.817120
211.9	-10.587800	-9.878760
211.8	-10.542100	-9.910740
211.7	-10.574800	-9.876350
211.6	-10.476300	-9.892750
211.5	-10.360800	-9.862430
211.4	-10.318000	-9.819220
211.3	-10.482200	-9.835680
211.2	-10.657100	-9.773540
211.1	-10.726900	-9.678090
211.0	-10.714400	-9.549670
210.9	-10.629200	-9.472140
210.8	-10.521300	-9.430010
210.7	-10.505700	-9.325340
210.6	-10.444800	-9.265770
210.5	-10.374600	-9.220380
210.4	-10.140600	-9.193580
210.3	-9.985000	-9.192040
210.2	-9.867440	-9.149870
210.1	-9.712040	-9.104030
210.0	-9.649750	-9.022050
209.9	-9.603270	-8.990980
209.8	-9.523160	-8.957290
209.7	-9.358230	-8.836660
209.6	-9.139050	-8.713510
209.5	-9.016380	-8.650300
209.4	-9.043650	-8.521440
209.3	-9.033670	-8.365480
209.2	-8.993070	-8.294420
209.1	-9.017370	-8.226940
209.0	-9.068000	-8.121880
208.9	-8.922960	-8.097840
208.8	-8.905560	-8.087650
208.7	-8.906110	-7.966630
208.6	-8.634760	-7.865860
208.5	-8.338850	-7.791540
208.4	-8.022680	-7.673390
208.3	-7.709690	-7.569930
208.2	-7.391740	-7.462710
208.1	-7.167260	-7.356030
208.0	-6.989900	-7.189200
207.9	-6.742680	-7.071490
207.8	-6.645200	-6.962130
207.7	-6.626670	-6.779900
207.6	-6.637400	-6.564870
207.5	-6.474800	-6.362930
207.4	-6.372220	-6.161590
207.3	-6.185090	-5.979180
207.2	-5.996410	-5.825270
207.1	-5.778610	-5.672060
207.0	-5.489370	-5.421050
206.9	-5.165520	-5.235040
206.8	-4.891100	-5.140260
206.7	-4.691620	-4.967980
206.6	-4.522920	-4.759770
206.5	-4.469380	-4.549690
206.4	-4.593730	-4.334620
206.3	-4.420650	-3.987530
206.2	-4.271330	-3.732330
206.1	-4.192900	-3.480990
206.0	-4.060220	-3.150220
205.9	-3.924770	-2.849640
205.8	-3.689310	-2.570710
205.7	-3.377630	-2.195910
205.6	-2.901520	-1.822520
205.5	-2.547410	-1.583450
205.4	-2.267480	-1.395250
205.3	-1.935730	-1.162760
205.2	-1.602370	-0.919550
205.1	-1.221570	-0.627100
205.0	-0.657210	-0.346960
204.9	-0.105280	-0.073140
204.8	0.434604	0.099962
204.7	0.965340	0.368118
204.6	1.450438	0.618814
204.5	1.819362	1.011127
204.4	2.229530	1.286767
204.3	2.584764	1.545132
204.2	2.695453	1.741818
204.1	2.870347	1.979224
204.0	3.143448	2.296394
203.9	3.516749	2.668556
203.8	3.849328	2.968851
203.7	4.282220	3.267436
203.6	4.536224	3.540725
203.5	4.766744	3.810302
203.4	5.179326	4.101898
203.3	5.410466	4.370020
203.2	5.497827	4.638842
203.1	5.471540	4.746373
203.0	5.445684	4.888420
202.9	5.507621	4.942376
202.8	5.698734	5.080708
202.7	5.875574	5.175469
202.6	6.051790	5.287318
202.5	6.133634	5.459130
202.4	6.318499	5.570745
202.3	6.460657	5.755738
202.2	6.753039	5.999822
202.1	6.959854	6.393021
202.0	7.036731	6.665052
201.9	7.224050	6.806979
201.8	7.357485	7.163241
201.7	7.346818	7.441768
201.6	7.499069	7.649072
201.5	7.718480	7.842404
201.4	7.829870	8.114561
201.3	7.796285	8.351836
201.2	7.890637	8.398427
201.1	8.034571	8.594738
201.0	8.383514	8.703188
200.9	8.731064	8.770059
200.8	9.098912	8.907734
200.7	9.435308	9.182153
200.6	9.721047	9.412203
200.5	9.751700	9.562725
200.4	9.600175	9.789240
200.3	9.588949	9.998709
200.2	9.473619	10.205130
200.1	9.584072	10.374440
200.0	9.540031	10.465100
199.9	9.336617	10.470100
199.8	9.394576	10.368230
199.7	9.258522	10.270720
199.6	9.512725	10.208940
199.5	9.472046	10.317140
199.4	9.460695	10.571330
199.3	9.374067	10.550520
199.2	9.510493	10.555610
199.1	9.652143	10.714560
199.0	9.455564	10.861030
198.9	9.581286	11.073490
198.8	9.523322	11.363630
198.7	9.547005	11.423030
198.6	9.587969	11.237150
198.5	9.487198	11.036510
198.4	9.248620	11.199580
198.3	8.960309	11.292040
198.2	8.754859	11.441690
198.1	8.397971	11.543560
198.0	8.274691	11.516330
197.9	8.112051	11.517920
197.8	7.541193	11.568200
197.7	7.210308	11.589650
197.6	7.115384	11.633700
197.5	7.159482	11.738670
197.4	7.205600	11.679580
197.3	7.281130	11.499440
197.2	7.066317	11.276330
197.1	6.544824	11.190170
197.0	6.547702	11.098850
196.9	6.328264	11.259850
196.8	5.949390	11.384380
196.7	5.108119	11.200190
196.6	4.891403	11.001070
196.5	4.609884	10.886000
196.4	4.409171	11.041340
196.3	4.474950	10.976680
196.2	4.472413	10.670730
196.1	4.615601	10.336970
196.0	4.369876	10.111110
195.9	4.341775	9.828229
195.8	4.411401	9.544503
195.7	4.294878	9.438870
195.6	4.356507	9.214149
195.5	4.129727	8.890838
195.4	3.841661	8.823866
195.3	3.835287	8.995856
195.2	3.753317	9.139310
195.1	3.845326	8.953425
195.0	4.100094	9.068561
194.9	4.168222	9.293690
194.8	4.108726	9.521135
194.7	4.140205	9.459095
194.6	4.038555	9.252942
194.5	4.069021	8.924279
194.4	3.831503	8.383992
194.3	3.637878	7.953490
194.2	3.475804	7.919116
194.1	3.143832	7.439632
194.0	2.706582	6.754371
193.9	2.258854	6.411064
193.8	2.287331	6.217618
193.7	2.122267	6.194859
193.6	1.786883	6.392210
193.5	1.903429	6.698972
193.4	2.027515	6.443916
193.3	2.088482	6.203392
193.2	2.782999	6.145544
193.1	3.337049	5.999053
193.0	3.248784	6.022577
192.9	3.452455	6.288992
192.8	4.059363	5.999767
192.7	4.161515	5.792547
192.6	4.544580	5.532223
192.5	4.324202	5.340241
192.4	3.632007	5.149349
192.3	3.163644	5.221575
192.2	3.261233	5.282020
192.1	3.474365	5.266255
192.0	3.318192	5.293799
191.9	2.911764	5.191885
191.8	2.670578	4.929118
191.7	2.642092	5.122663
191.6	3.374507	5.200043
191.5	3.205519	5.352743
191.4	3.193101	5.026903
191.3	3.206522	4.778861
191.2	3.131725	4.543751
191.1	3.107911	4.453090
191.0	3.224448	4.507499
190.9	2.606046	4.721742
190.8	2.064990	4.751612
190.7	1.537402	4.636205
190.6	1.596224	4.687309
190.5	1.095286	4.604836
190.4	0.780250	4.640080
190.3	0.771740	5.027267
190.2	0.800707	4.979600
190.1	1.024555	4.287092
190.0	1.386774	4.152802