Codon	WT	Komar	Shuf1
2			
3			
4			
5			
6			
7			
8			
9	39.520460	39.520460	39.520460
10	26.744700	26.744700	26.744700
11	27.961530	27.961530	27.961530
12	27.961530	27.961530	27.961530
13	29.567820	29.567820	29.567820
14	23.120040	23.120040	23.120040
15	28.173290	28.173290	28.173290
16	15.609640	15.609640	15.609640
17	18.131740	18.131740	18.131740
18	10.595530	10.595530	10.595530
19	14.995340	14.995340	14.995340
20	16.828290	16.828290	16.828290
21	20.920500	20.920500	20.920500
22	9.052505	9.052505	9.052505
23	-1.565620	-1.565620	-1.565620
24	9.279648	9.279648	9.279648
25	14.548150	14.548150	14.548150
26	17.881550	17.881550	17.881550
27	28.181290	28.181290	28.181290
28	27.689300	27.689300	27.689300
29	26.196880	26.196880	26.196880
30	28.911500	28.911500	28.911500
31	22.199030	22.199030	22.199030
32	22.471390	22.471390	22.471390
33	20.917800	20.917800	20.917800
34	21.857240	21.857240	21.857240
35	16.904280	16.904280	16.904280
36	17.530980	17.530980	17.530980
37	18.889640	18.889640	18.889640
38	15.323850	15.323850	15.323850
39	23.563320	23.563320	23.563320
40	28.512430	28.512430	28.512430
41	18.736120	18.736120	18.736120
42	15.103930	15.103930	15.103930
43	11.355380	11.355380	9.007918
44	13.624400	13.624400	2.187528
45	7.797788	7.797788	4.671359
46	7.483648	7.483648	4.193921
47	9.136133	9.136133	-6.814710
48	15.087720	15.087720	-6.250000
49	26.585090	26.585090	-19.680800
50	39.993880	39.993880	-0.249890
51	35.619740	35.619740	2.045728
52	50.691790	50.691790	0.238550
53	46.415980	46.415980	-7.994190
54	47.124300	47.124300	-13.424600
55	49.196450	49.196450	-10.746700
56	37.926020	37.926020	-25.165700
57	38.396730	38.396730	-24.015200
58	53.426360	53.426360	-20.754700
59	41.170900	41.170900	-31.009900
60	29.909250	29.909250	-31.935400
61	19.548220	19.548220	-31.540500
62	24.611160	24.611160	-40.267100
63	28.492910	28.492910	-31.052800
64	17.847840	17.847840	-12.656800
65	22.085050	22.085050	-2.163890
66	8.524801	8.524801	4.659652
67	6.599430	6.599430	2.652927
68	18.466220	18.466220	8.168586
69	9.282935	9.282935	7.281823
70	10.552490	10.552490	14.254140
71	2.099448	2.099448	18.729280
72	2.809458	2.809458	18.164120
73	10.714290	10.714290	18.526790
74	7.781033	7.781033	15.909920
75	2.536691	2.536691	17.974270
76	4.525305	4.525305	27.798300
77	6.291495	6.291495	43.281690
78	5.833965	5.833965	43.240610
79	3.712346	3.712346	44.378450
80	3.804175	3.804175	35.721100
81	8.708195	8.708195	25.376640
82	-0.957800	-0.957800	16.888690
83	-5.803010	-5.803010	13.914870
84	-19.020100	-19.020100	14.245780
85	-19.020100	-19.020100	-0.202840
86	-21.883900	-21.883900	1.619946
87	-38.014400	-38.014400	1.868765
88	-37.389500	-37.389500	-11.814600
89	-32.945400	-32.945400	-8.197840
90	-44.088000	-44.088000	-1.910600
91	-42.180900	-42.180900	6.614786
92	-4.808600	-4.808600	-2.341030
93	0.774150	0.774150	-10.303600
94	3.087541	3.087541	-22.193200
95	6.417489	6.417489	-20.490900
96	7.211368	7.211368	-21.856400
97	-0.881310	0.012102	-10.781900
98	3.505307	3.505307	-4.950500
99	10.587670	10.587670	-8.901120
100	15.636690	15.636690	-5.299880
101	25.358520	25.358520	-5.880390
102	13.578810	13.578810	-3.012570
103	20.557240	20.557240	3.549364
104	30.312950	30.312950	-6.447130
105	41.701680	41.701680	6.250000
106	38.816320	38.816320	2.825913
107	43.360400	43.360400	1.665061
108	35.425700	35.425700	18.443280
109	14.152810	14.152810	33.098390
110	8.862853	8.862853	31.026880
111	8.408367	8.408367	30.682920
112	19.238840	19.238840	44.088430
113	27.956430	27.956430	33.402490
114	32.031560	31.389590	31.309350
115	40.353570	40.353570	22.059950
116	34.888520	34.347210	26.614250
117	33.236420	32.681380	18.567460
118	34.406650	22.409760	8.543236
119	30.197460	35.932590	22.500310
120	20.457560	47.972630	14.206920
121	21.963930	45.170340	15.831660
122	14.268820	46.078040	7.292077
123	10.291040	49.381780	11.945980
124	5.182621	51.525640	17.970670
125	4.032939	67.440880	4.919764
126	1.180858	63.393410	6.339341
127	3.665241	73.365910	6.353085
128	9.367816	74.942530	11.896550
129	2.879661	73.567750	7.062746
130	-4.106650	72.281910	13.429310
131	-8.371510	76.986890	2.863259
132	-20.765000	75.651190	10.249150
133	-10.004100	80.230730	2.759575
134	-17.832800	76.084540	5.951057
135	-27.310700	84.247150	14.055110
136	-20.285500	85.987790	23.551740
137	-21.923200	75.786250	27.024770
138	-25.408300	78.923510	25.722380
139	-21.255600	73.920550	29.533680
140	-16.698300	71.479710	26.968970
141	-8.064520	70.292110	23.927910
142	3.396226	69.937110	14.465410
143	10.942510	78.777520	13.186580
144	15.388960	77.577060	13.492150
145	8.058696	74.308400	7.842194
146	5.220101	57.401640	3.583950
147	3.505517	55.824630	1.865052
148	6.915503	42.637970	6.846806
149	2.164691	34.471880	0.467747
150	-9.542900	28.772500	11.190590
151	-3.436020	32.485880	14.406780
152	6.243386	32.557320	4.832451
153	16.676350	16.676350	-44.743800
154	23.670890	23.670890	-40.359800
155	25.887230	25.887230	-34.497200
156	22.803250	22.803250	-23.063600
157	17.432740	17.432740	-9.233310
158	21.929240	21.929240	-6.980960
159	5.104019	5.104019	-13.911700
160	-4.931290	-4.931290	-3.476150
161	-8.238830	-8.238830	-0.433620
162	-9.076710	-9.076710	0.085460
163	4.640981	4.640981	13.222420
164	7.518470	7.518470	12.385920
165	13.544420	13.544420	11.873350
166	14.311190	14.311190	25.724480
167	22.772280	22.772280	31.270630
168	14.073490	14.073490	22.126660
169	12.534820	12.534820	31.635500
170	1.968806	1.968806	29.966760
171	21.151670	21.151670	18.622110
172	14.345010	14.345010	11.802850
173	11.975500	11.975500	4.762634
174	19.693720	19.693720	-4.296530
175	10.801300	10.801300	-10.016800
176	16.168420	16.168420	2.231579
177	15.791690	15.791690	-4.689200
178	18.323110	18.323110	0.368098
179	19.688910	19.688910	3.192796
180	16.332620	16.332620	-1.495890
181	16.189660	16.189660	-1.200300
182	11.818370	11.818370	3.203904
183	15.105490	15.105490	3.755274
184	10.954690	10.954690	-1.619430
185	17.012260	17.012260	-1.942950
186	18.125820	18.125820	0.307963
187	20.295370	20.295370	5.176614
188	6.592916	6.592916	10.607550
189	10.142240	10.142240	15.275200
190	13.147310	13.147310	18.630440
191	13.157890	13.157890	30.921050
192	26.319100	26.319100	40.923370
193	36.158620	36.158620	43.060390
194	43.993510	43.993510	50.032470
195	32.511700	32.511700	35.226210
196	15.725650	15.725650	19.287610
197	8.502907	8.502907	22.601740
198	-0.259970	-0.259970	15.389880
199	-1.559270	-1.559270	10.061360
200	-2.686220	-2.686220	4.856354
201	-1.068440	-1.068440	4.439919
202	-7.796710	-7.796710	7.848153
203	-6.183430	-6.183430	8.772285
204	-5.939790	-5.939790	3.586066
205	1.219512	1.219512	-4.672190
206	5.263158	5.263158	1.023392
207	10.916180	10.916180	6.676413
208	6.224350	6.224350	1.761286
209	7.947965	7.947965	6.739404
210			
211			
212			
213			
214			
215			
216			
217			